000000000000000000000000000000000000010000000000000000000000000000000000000001001000000000000000000001000000000001000000000000000000001000000000100000000000000000000000000001000000000000000000000000000000000010101000000000000000000000000000000000000000000000000000000000000000000000000000000000000000
001001000000000000000000000000000000010000000000000000000001000000000000000000000000000000000000010001000110000000000000000000000000000000000000010000000010000001000010000001000000000000000000000000000000000000100000010000000000100000000000000000000000000000000000000000000000000000000000000010000000
001001000000000000001000000000000000010000000000000000000000000000000000000001000000000000000000011001001010000001000000000000000000000000000000110000001001000000000010000001000000000000000000010000000000000000000000000000000000100000000000000000001000000000000000000000000000000000000000000000000000
001001000000000000001000000000000000010000000000000000010001000000000000000000000000000000000000010001101010000000000010000000000000001000000000100000000000000000000000000001000000000000000000000000000000000010000000010000000000100000000000000000000000000010000000000000000000010001000000000010000000
000001000000000000001000000000000000000000000000000000000000000000000000000011001000000000000000000000000000000000000000000000000000101000000000110000000000000000000000000000000000000000000000010000000000000000000000010000000000100000000000000000000000000000000000000000000000000000000000000000000000
001001000000000000001000000000000000010000000000000000000000000000000000000000000000001000000000010000001010000000000000000001000000001000000000110000001001000001000000000000000000000000010000000000000000000000100000010000000000100000000000000000001000000000001000000000000000000000000000000000000000
000001000000000000000000000000000000000000000000000000000000000000010000000000001000000000000000010010000000000100000001000000000000101000000000110000000001000000000001000000000000000000000000010000000000000000100000010000000000100000000000000000000000000000000000000000000000000000000000000010000000
000001000000010000001000000000000000010000000000000000000000000000000000000000000000001000000000010000000000000100000000000000000000101000000000100000000001000101000000000000000000000000010000000000000000000000000000000000000000000000000000000000000000000000001000000000000000000000000000000000000000
000001000000000000001000000000000000011000000000000000000000000000000000000000000000000000000000010001001000000100000000001000000000001000000000010000000000000000000000000001000000000000000000000000000000000000100000000000000000000000000000000000001000000000001000000000000000010000000000000000000000
000001000000010000001000000000000000011000000000000000000000000000000000000000000000001000000001000010001000000001000000000000000000100000000000100000000000000000000000000000000000000000000000000000000000000000000000010000000000100000000000000000001000000000000000000000000000100001000000000000000000
000000000000010000001000000000000000011000000000000000000000000000010000000001001000000000000000000010000010001101000000001001000000100000000000010000000001000000001000000000000000000000001000000000000000100000000000000000000000000000000000000000000000000000001000000000001000110001000000000000000000
000000000000010000000000000000000000000000010000000000000000000000000000010001000000001000000000000000001000000000000000001101000000000000000000010000000000000000001000000000000000001000001000000000000000000000000000010000000000100010000000000010000000000000001000000000001000110000000000000000000000
000000000000010000001000000000000000010000000000000000000000010100000000010000001000000000000000000000000000000000000000001001000000000000000100000100000001000000001001000000000000000000001000100000000000000000100100010000000000000000000000000000000000000000001000000000001000110000000000000000000000
001000000000010000000000000000000000000000000000000000000000000000000000000010001000000000000000000001001000001000000001000001000000010000000000110000000000000000001001000000000000000000000000001000000000100000000000010000000000100000000000000000000000000100000000000000000000000000000000000000000000
000001000000010000001000000000000000010000000000000000000000000001000000010010000000001000000000000000100000000000000000000001000000000000000000000000000000000000000001000000000000000000011000001000000000100000000000010000000000000010000000000000000000000000000000000000001000010000000000000000000000
001000000000010000000000000000000000000000000000000000000000000000000000000010000000000000000000010000001000000000000001001101000000100000000100010000000000000000010001000000000000000000010000001000010000000000000000010000000000000000000000000010000000000000000000000000011000000000000000000000000000
000000000000010000001000000000000000010000000000000000000000000000000000000000001000000000000001000000101000000000000000001001000000100000000100010000000000000000001001000001000000000000000000001000000000000000100000010000000000000000000010000010001000000000000000000000000000000000000000000000000000
001000000000010000000000000000000000000000000000000000000000010001000000000011000000001000000000010000001000000001000000001100000000000000000101100000000000000000000001000000000000000000000000001000010000100000000000010000000000100010000000000000000000000100000000000000000000000000000000000000000000
000000000000000000000000000000000000000000000000000000000000000000000000000001000000001000000000000000000000010000000001011000000000000000000100100000000000000000000000000000000000000000000000000000010000000100100100010000000000000010000000000000000000000000000000000000000000000000000000000000000000
000000000000000000000000000000000000010000000000000000000000000001000000000010000000001000000000000000100000000000000001000001000000100000000100100000000000000000000001000000000000000000001000011000010000000000000000010000000000000010000000000000001000000100000000000000000000000000000000000000000000
000000000000000000000000000000000000010000010000000000000000000001000000000011000000001000000001000000000000000000000001011001000000100000001100100000000000000000000000000000000000000000001000001000010000000001000000010000000000000010000000000000101000000000000000000000000000000000000000000000000000
000000000000000000000000000000000000000000000000000000000000000000000000000000000000000000000000000000000000000000000001001000000000100000001101100000000000000000001000000000000000000000000000000000000000000000000000010000000000000010000000000000000000000000001000000000000000000000000000000000000000
001000000000000000000000000000000000000000000000000000000000000001000000000010000000000000000000000000000000000000000001011001000000100000001001100000000000000000001000010000000000000000001000000000000000000001000000010000000000000010000000000000100000000000001000000010000000000000000000000000000000
001000000000000000000000000000000000010000000000000000000000000001000000000010000000000000000001000000000000000000000001001000000000100000101101100000000000000000000000000000000000000000000000010000000000000001001100010000000000000000000000000000000000000000000000000000000000000000000000000000000000
000000000000000000000000000000000000000000010000000000000000000000001000001001000000000000000000000000000000000000000001001000000000100000001101100000000000000000001100000000000000000000001000000000010000000001000000010000000000000010000000000000001000000010001000000010000000000000000000000000000000
001000000000000000000000000000000000010000000000000000000000000001001000001000000000000000000000000000000000000000000001000000000000100000001101000000000000000000001000000000000000000000000000001000000000000001000000000000000000000010000000000000100000000000001000000000000000000000000000000000000000
001000000000000000000000000000000000010000000000000000000000000001001000001010001000000000000000000000000000000000000001001000000000100000001001100000000000000000000001000000000000000000000000001000000000000000000000000000000000000000000000000000100000000100000000000000000000000000000000000010000000
000000000000000000000000000000000000010000000000000000000000000001001000001001000000000000000000000000000000000000000000001000000000000000000100000000000000000000001000000001000000000000000000010000000000000000000000000000000000000000000000000100100000000010000000000000000000000000000000000000000000
001000000000000000000000000000000000010000000000000000000000000000001000000000001000000000000000000000000000000000010000011000000000000000101100100000000000000000001000000000000000000000000000001000000000000010000000000000000000000000000000000000100000000000001000000000000000000000000000000000000000
000000000000000000000000000000000000000000010000000000000000000001001000000000001000000000000000000000000000000001000001001000000000100000001100100000000000000000001001000000000000000000000000001000000000000010000000010000000000000000000000000000100000000000000000000000000000000001000000000000000000
001000000000000000000000000000000000000000010000000000000000000000001000000001001000000000000000000000000000000000010000001000000000100000001100100000000000000000001000000000000000000000011000000000010000000000101000010000000000000000000000000000000000000000001000000000000000000001000000000000000000
001000000000000000000000000000000000010000000000000000010000010001001001100000000001000100000000000000000001000000010011011000100100100010001100100000000000000000001000000011000000000000000000011100010000000010100100001000000000000000000000000000101000000010000000000000000000010000000000000010000000
001000000000000000000000000000000000000000000000000000000000000001001000000001001010000000000000000000000000000000010000001000000000000000001000100000000000000000000000000001000000000000000000010000000000000000101000001000000010000000000000000000100000000010000000000000000000000000000000000000000000
000000000000100000000000000000000000000000010000000000000000000001001000001000001010001000000000000000000000000000010001011000000000100000100000100000000000000000001010000000000000000000000000000000000000000000001000000001000000000000000000000000000000000010001000000000000000000001000000000000000000
001000000000000000000000000000000001000000000000000001000001000001001000001000000010000100001001000000100010000000000001101000000000100000101101100000001000000000000000000001000000001000010000010000010000000010101000011000000000000000000000000000101000000000000000000000000000000001000000000000000000
000000000000000000000000000000000000000000000000000000000000000001001000000001000000000000000000000000000000000000000000010000000000000000001100100000000000000000000010000000000000001000010000000000010000000010001000000000000000000000000000000000100000000000000000000000000000000001000000000000000000
000000000000000000000000100000000000000000010000000000000000000001001000000001001000000010000000000010000000000000000000001000000000100010101100100000001000000000000001000000000000000000001000010000011000000010100000010000000010000000000000000000000000100000000000001000000000100000001000000010000000
000000000000000000000000000000000000000000000000000000000000000001000000000001000000000000000000000000000000000000000001001000000000100000001000000000001000000000000010000000000000000000000000010000000000000010000000010000000000000000000000000000000000000000000000000000001000000001000000000010000000
000000000000000000000000000000000000000000000000000000000001000001001000000001001000000000000000000000000000000001010000000100000000000000000100100000000000000000000000000000000000000000000000010000010000000010000000000000000000000000000000000000000000000000000000000000000000000000000000000000000000
000000000000000000000000000000000000000000010000000000000000000001000000001001000000000010000001000000000000000000010011001000000000100000000000100000001000000000000010000001000000001000001000010000000000000010001001010010000000000001000000000100001010000000000000000000000000000011000000000010000000
000000000000100000000000000000000000000000000000000000000000000000000000000001001000000010000000000000000000000000000000001000000000100000000000100000000000000000000010000000000000000000000000000000010000000010000000010000000000000000000000000000000000000000001000000000000000000000000000000000000000
000001000000000000001000000000000000000000000000000000000000000001001000000000001000000000000001000000000010000000000000001001000000000000000000000000001000000001000000000000000000001000000000000000000000000010000000010000000100000000000000000000000000000000001000000000000000000000001000000010000000
001001000000000000000000000000000000000000000000000000000001000001001000000001000000000000000001000000000000000000000000001000000000100000000000100000001000000000000010000000000000000000000000000000000000000000000000010000000000000000000000000000000000000000000000000000000000000000000000000000000000
000000000000000000000000000000000000000000000000000000000000000001001000000000000000000000001001000000000000000000000000001000000000000000000100100000001000000000000000000000000000000000000000010000000000000010000000000000000000000000000000000000010000000000000000000000000000000000001000000000000000
000000000000000000000000000000000000000000000000000000000000000001001000000000000001000000000001000000000000000000000000001001000000010000000100100000000000000000000010000000000000000000010000000000000000000000000000010000000000000000000000000000000000000000001000000000000000000000000000000000000000
001001000000000000001000000000000000000000000000000000000001000001001000000000001010000000001001000010000100000000011010001001000000100000101000110000001000000000000010000000010000000000011000000000010000000010001000010000000000000001000010000000000000000000001000000100001000100000001000000000000000
000001000000000000000000000100000000000000000000000000000001000001001000000001000000000100001001000010000000000001001001001001000001110010100100100000000000000000000000000000000000000000001000010100010000000000001000010010000000000000000000000100110000000100001000001000000000001000000000000000000000
000000000000000000000000000000000000000000000000000000000000000001001000000000000000000000000001000000000100010000001000001100000000000000000100100000000000000000000000000000000000000000000000000100000000000010001000000000000000000000000000000000000000000000000000000000000000101000000000000000000000
000000000000010000000000000000000000000000000000000000000000000001001000000001000000000000000001000000000000000001000000001000000000000000000100100000000000000000000000000000000000000000000000000000000000000010001000000000000000000000000000000000000000000000000000000000000000000000000000000000000000
000001000000010000000000000000001000000000010000000000000000000000000000000000010011000000001001000010000000000100000001001001000000010000000100100000011000000001000000000000000000001000000000000000000000000000001000010010010100100000010010000000100000000000001000000000000000000000000000000000000000
000000000000000000000000000000000010000000000000000000000000000000000000000000000000000000000001000000001000000100000000001001000000000000000000010000000000000000000000000000000000000000010000100000000000000000000000000000000000000000000000000000000000000000000000000000000000010001000000000000000000
000000000000010000000000000000000000000000000000000000100000000000010000000000000000000000000001010000001110000100000000010001000000000000000000010100000001000000011000000001010100000000010000101000000000000000000100010000000000000000000010000010000000000100000000000000011000010001000000000000000000
001000000000000000000000000000000010000000000000000000000000000000010000000000000000000000000001000001000000001100000000000000000000001000000000000000000000000000000000000000000000000000000000100000000000000000000000000000000000000000000000000000000000000100000000100000000000010000000000000000000000
000000000000010000000000100000000000000000000000000000000000000000000000000000000000000000000001000000001000000100000000000001000000000000000000010000000000000000000000000001000000000000010000000000000000000000000000010000000000000000000010000010000000000001000000100010000000000000000000000000000000
001000000000010000000010100000000000000000000000000000100000000101010000010010000000000000000000010000001001010000000000011001000000100000001100010000000000100000010000000000000000000000010000000000000000100000010100010000000000000000000000000010000000000000000000000000010000110000000000000000000000
000000000000000000000000100000000000000000000000000000100000000100000000000000000000000000000000010000001000000000000000000000000000000000000000010000000000000000000000000000000000000000010000001000000000000000000000000000000000001000000010000000000000000001000000000000000000000000000000000000000000
001000000000000000000000000000000000010000000000000000100000000000000000000000000000000000000000000000101000000000000000000000000000001000000100000000000000000000000001000001000000000000010000000000000000000000000000000000000000000000000000000000000000000000000000000000000000000001000000000000000000
001000000000000000000000000000000000010000000000000000101000000101000000000000000000000000000010010000001000001000000000000000000000101000000000000000000010000000001001000001000100000001010000001100000000100000100000010000000000000000000000000000000010000101000000000010000000000000000000000000000000
001000000000000000000000000000000000000000000000000000101000000100000000000000000000000000000010000000001000000000000000000000000000001000000000000000000001000000001000000000000100000000010000000000000000000000100000000000000000000000000000000010000000000000000000000000000000000000000000000000000000
001000000000000000000000000000000001010000000000000000101000000000000000000010000000001000000000000000000000000000000000010001000000101000000000000000000000000000000000000001000100000000000000000000000000000000100000000000000000000000000000000000000000000000000000000000000000010000000000000000000000
001000000000000000000000000000000000010000000000000000001000000000000000001001000000000000000000000000000000000000000000000000000000100000000000000000000000000000001000000001000000000000000000001000010000000000100100000000000000000000000000000000000000000100000000000010000000000000000000000000000000
001000000000000000000000000000000000010000000000000000001000000000000000010010000000000000000000000000000000000000000000000000000000101000000100000000000000000000000001000001000100000000010000000000000000000000100000010000000000000000000000000000000000000000000000000000000000000000000000000000000000
000000000000000000000000000000000000010000000000000000001000000001001000011000000000000000000000000000000000000000000000000000000000100000000000000000000000000000001001000000000000000000000000001000000000000001000000000000000000000000000000000000000000000000000000000000000000000000000000000000000000
001000000000000000000000000000000001010000000000000000001000000001000000001000001000000000000000000000100000000000000000000000000000101000000000000000000000000000001000000001000000000000000000000000010000000000100000000000000000000000000000000000001000000010000000000000000000000000000000000000000000
000000000000000000000000000100000000010000000000000000001000000000000000001000001000000000000000000000000000000000010000000000000000001000000100000000000000000000001000000001000000000000000000001000000000000000100000000000000000000000000000000000001000000000000000000000000000000000000000000000000000
001000000000000000000000000000000000010000000000000000000000000000000000000000001000000000000000000001100000000000000000000000010000000000000000000000000010000000001000000001000001000000000000001000000000000000000000000000000000000000000000000000001000000010000000000010000000000000000000000000100000
001000000000000000000000000000000001010000000000000000000000000000000000000001000000000000000000001000100000000000010000000000000000000000000000000000000000000000001000000001000000000001000000001000000000000000100000000000000000000000000000000000000000000000000000000000000000000000000000000000000000
000000000000000000000000000100000000010000000000000000001000000000000000000000001000000000000000000001000000000000010000000000000000000000000000000000000000000000001000000001000000000000010000001000000000000000000000001000000000000000000000000000000000000000001000000010000000000000000000000000000000
001001000000000000000000000100000001010000000000000000001000000001001000000000001000000000000000011001100000000000010000010000000000101000000000000000001010000000000001000001000001000001000000011000000000000000000000001000000000000000000000001000001100000010000000000000000000000001000000000010000000
000001000000000000001000000000000000011000000000000000100000000000001000001001001000000000000000000000100000000000000000000000000000001000000000100000000000000100001000000010000000000000000000001000001000000010100001001000000000000000000000000000001000000010000000000000000000000000000000000010000000
001001000000000000000000000000000001010000000000000000000000000000001000000001001000000000000000010000000000000000010000000000000000001000000000000000000000000100000010000001000000000000000000000000000000000000001000001000000010000000000000000000000000000000000000000000000000000001000000000000000000
001001000000000000000000000000000000000000000000000000000000000000001000001001001000000000000000000000100000000000010000000000000000100000000000100000000000000000001000000000000000000001000000000000000000000000100000000000000000000000000000000000001000000000000000000000000000000001000000000000000000
000001000000000000000000000000000000010000000000000000000001000000000000000001001000000000000000000001100000000100000000000000000000101000000000000000000000000000001000000001000000000000000000000000000000000000000000000000000000000000000000000000001000000000001000000000000000000000000000000010000000
001001000000000000000000000000000000000000000000000000000001000000000100000001001000000000000000010000000010000000000000000000000000000000000000000000000000000000000010000000000000000000010000010000000000000000000000001000000000000000000000000000000000000000000000000000000000000001000000000010000000
000001000000000000001000000000000000000000000000000000000001000000000100000001001000000000000000000000000000000000000000001000000000100000000000010000000000000000000010000000000000000000000000000000000000000000000000000000000000000010000000000000000000000010000000000000000000000001000000000000000000
000001000000000000000000000000010000000000000010000000000001000001001010000001001010001000000000010000000010000110010011001000000000001000000000010000000000000000000000000000000000001001010000010000000000000000000000001000000000000010000000100000001000000000001000000000001000000001000000000000000000
000000000000000000001000000000000000000000010000000000000001000000000000001001001000001010000000000000000010001101000000001001001000100000000100010100000000000000001000000000010000001000011000000000000000010100000000000000000100000000000000000000000000000000001000000000000000100001000000000000000000
000000000000000000010000000000000000000000000000000000000000000000000000001001001000000000000000000000000010000101010000001000000000000000000000000000000000000000000000000000000000001000000000000000000000000000000000000000000000000000000000000000000000000000001000000000000000000001000000000000000000
000000000000000000000000000000000000000000000000000000000000000000000000011001001000001000000000000000000000000100000000001000000000100000000000000000000000000000000000000000000000000000000000000000010000000010000000000000000000000000000000000000000000000000001000000000001000000000000000000010000000
000000000000000000000000000000110000000000000000000000000000000000001010000001001000001010000000000001000010001100010010001001000000000000000100010110000000000000000000000000010000001000001000010000000000000110000000010000000000000010000000000000000000000000001000000000000000100001000000000000000000
000000000000000000000000000000000000000000000000000000000000000000000000000000000000001000000000000001000000000000000000001000000000000000000000000000000000000000000001000000000000000000001000100000010000000000000000010000000000000010000000000000000000000100000000000000001000000000000000000000000000
000000000000000000000000000000000000000000000000000000000000000000000000000001000000000000000000000000000000000000000000001100000000000000000100000100000000000000000000000000000000001000000000000000010000000000000000010000000000000000000000000000000000000000001000000000001000100000000000000000000000
000000000000000000000000000100000000000000000000000000000001000000000000010001000000001000000000010000000010001010010001001001100000100000000100110100000010000000000000000000010000000000011000011000010100000000000000010000000100000110010000000000000000000000001000000000001000100000000000010000000000
000000000000000000000000000000000000000000000000000000000000000000000010000001000000001000000000000000000000001000000000001001000000000000000000010000000000000000000000000000000000000000001000000000000000000000000000010000000000000110000000000000000000000000000000000000000000000000000000000000000000
000000000000000000001000000000000000000000000000000000000000000001001010000001000000001000000000000000000010001000000001001000000000100000001100100000000000000000000000010000000000001000010000000000010000000010000001010000000101000110000000000100110000000001001000000000000000100000000000000000000000
000000000000000000001000000100000000000000000000000000000000000000000010000001000000001000000000100000000010001000000000000100000000000000000100000000000000000000000001000000000100001000010000010100010000000100000000010000000000000110000000000100010000000000000000000000000000000000000000010000000001
001000000000000000000000000000000000000000000000000000000000000001001000000001000010000000000001000000100100000000001001001110000001000000001100100000000000000000000001000000000100000000000000010100000000000100000000010000000000000110010000000100110000000000000000000000000000000000000000000000000000
000000000000000000001000000000000000000000000000000000000000000000000000000000000001000000000000000000100000000000000000000001000000010000001100010000000000000000000000000000000100001000010000000000010000000000000000010000000000000010010000000000100000000000001000000000001000000000000000000000000000
000000000000000000001000000000000000000000000000000000000000000000000000010000000001000000010000000000000100001000000001001001000000000000001100100000000000000000000001000000000100001001010000000100010100000110100000010000000001000110010000000000110000000000001000000000001000000000000000000000000000
001000000000000000000000000000000000000000000000000000000000000000000000000000000000000000000000000000000000000000000000001001000000000000000101000000000000100000000001010000000000001000000000000000000000000000000000010000000000000010010000000000010000000000001000000000000000000000000000000000000000
000000000000000000000000000100000000000000000000000000000000000000000000000001000010000000000000000000000000000000000000001000010000010000001101100000000000000000001000000000000000001000000000000000000000000000000000010000000000000010000000000000100000000000001000000000000000000000000000000010000000
001000000000000000000000000000000000000000000000000000000000000000000000000000000000000000000000000000000000000000000000001000000000010000001100000000000000000000001000000000000000000000000000000000010000000000000000010000000000000010000000000000100000000000001000000000000000000000000000000010000000
000000000000000000000000000000000000000000010000000000000000000000000000001000001000000000000001000000000000000000000000001000100100000000001100000000000000000000001001000000000000000000001000000100010000000000000000010000000000000010000000000000100000000000000000000000000000000000000000000000000000
000000000000000000000000000000000000000000010000000000000000000001000000000010000001000000000001000000000000000000000000000000010000110000001101000000000000000000001000010000000000000000001000000100000000000000000000010010000000000010000000000100100000000000000000000000000000000000000000000000000000
000000000000000000000000000000000000000000010000000000000000000000000000000000000001000000000000000000000000000000000000001000000000100000000000000000000000000000001000000000000000000000001000000100000000000000001000000000000000000010000000000000100000000000000000000000000000000000000000000010000000
000000000000000000000000000000000000000000010000000000000000000000000000000000000000000000000001000000000000000000000001000000010000000000101100000000000000000000000001010000000000000001001000000000000000000000000000000010000001000000000000000100100000000000000000000010000000000000000000000000000000
000000000000000000000000000000000000000000010000000000000000000000001000000010000001000000000000000000000100000000000000001000010000000000001000000000000000000000001001000000000000000001001000000000000000000000000000000010000001000000000000000000000000000000000000000010000000100000000000000000000000
000000000000000000000000000000000000000000000000000000000000000001001000000001000000000000000000000000000000000000010000000000010000000000000100100000000000000000000000000000000000000000000000000100000000000000000000000000000000000000000000000000100000100000000000000010000000000000000000000000000000
000000000000000000000000000000000000010000000000000000000000000001001000000001000000000000000001000000000000000000010101101000010000000000101000000000001000000000001000000000000000000000001000000000001000000000000000001010000001000000000000000000100000000000000000000010010000100000001000000000000000
000000000000000000000000000000000000000000010000000000000000000001001000000001001011000000000000000100000000000001010000101000010000100000001001100000000000000000001000000000010000000000001000000000000000000000000000000010000001010000000000000101100000100000001000000000000000100000000000000000000000
000000000000010000000000000000000010000000000000000000000000000000000000000000000000100000001000000000001100000000000000000000000000010000000000000000000001000000000000000001000000000000010000000000000000100000000000010000000000000000000000000000000000000000000000100000000000000000000000000000000000
000000001000010000100000000000000110000000000000000000001000000000000000000100000000100000001001000000001000000000001000000001000000010000000000010000000001000000000000000000000100000000110000000000000000000000000000010000000000000000000000000010000000000000000000000000000000010000000000000000000000
000000000000010000100000000000000000000000000000000000001000000000000000000000000001100000001001000000001100000000001000000000000000010000000000000000000001001100000000000001000000000000010000000000000000100000000000010000000000000000000000000010000000000000000000000000000000000000000000000000000000
000000000000010000100000100000000000000000000000000000000000000000000100000000000001000000101001000000000100000000001000000000000000110000000000000000000000001110000000000001000000000000010000000000000000000000010001010000000000000000000000000000000010000000000000100000000000000000000000000000000000
001000000000010000100010100000000010000100000000000000000000000000000000000100010000100000001001000000001000000000000000010000000000010000000000000000000000001000000000000001001000000000010000000000000000100000000000010000000000000000000000000000000010000000000000000000000000110000000000000000000000
001000000000010000000000000000000000000000000000000000001000000000000000000000000010000000000001000000000000000000000000011000000000010000000000001000000000000100000000000000000000000000000000000000000000000000000000010000000000000000000000000000000000000000000000100000000000000000000000000000000000
001000000000010000000000000000000000010000000000001000001000000000000000000000000010100000001001000000001000000000000000001000000000011000000000000000000001001010001000000001000000000000010000000000000000100000000000000000000000000000000000000010000000000000000000100010000000010000000000000000000000
001001000000000000000000000000000000010000000000010000001000000000000000000000000010100000001000000000001001000000000000000001000000100000000000010000000001010010010000000000001000000000010000000000000000101001010000010000000000100000000000000010000100000000000000100000000000010000000000000000000000
000000000000010001000000000000000000010100000000000000001000000101000000000000000010000000011000010000001001000000000000000000000000011001000000000000000000000001000000000000001000000000010000000000000000100001000000000010000000000000000000000000000110000000000000000010000000000000000000000000000000
000000000000000000000000000000000001011000000000001000000000000001000000000001000010000000001110011000011001000000000000000000000000101000000000000000000001000011010000000001000000000000010000000000000000100000000110000000000000000000000000000010000000000000000000000000000000000000000000000000000000
001000000000000000000000000000000000010000000000000000000000000100000000100001001010000000001000010000000000000000000010010000000000001000000000000000000000010000001000000001001000000000000000000000100000100000000100000000000000100000000000000000000100000000000000100000000000000000000000000000000000
001000000000000000000000000000000001010000000000000000000000000001000000010000000000000000000000010000000000000000000000000000000000000000000000000000000000000001000000000001000000000000010000000000000000000000000000000000000000000000000000000010000000000000000000000000000000010000000000000000000000
000000000000000000000000000000000001011000000000101000001000000001010000010001001000000000000000000000001000000000000010010000000000001001000000000000000001000000000000000011000000000000010000000000010000000000100000000000000000000000000000000010001100000000000000100000000000010000000000000000000000
001000000000000000000000000000000001011000000000000000000000000001000000010000000000000000000000000000000000000000000000000000000000001000000000000000000001000000000001000000000000000000000000000000000000000000100100000000000000000000000000000000000000000000000000000000000000000000000000000000000000
001001000000000000000000000000000001011000000000000000001000000000000000000000000000000000000000000000000000000000000000010000000000101000000000000000000000000000000000000001000000000000000000000000000000000000000100000000000000000000000000000010001000000000000000000000000000000000000000000000000000
001000000000000000000000000000000001010000000000101000001000000001000000000000000000000000000000000001101100000000000000000000000000000000000000000000000010000001000000000011000000000000000000010000000000000000000100000000000000100000000000000010000000000010010000000000000000000000000000000000000000
001000000000000001000000000000000001111000000000001000001000000000000100000001001000000000000000000001001000000000000000010000000000000000000000000000000000000000001000000011000000000000000000000000000000000000100001000100000000000000000000000000001000000100010000000000000000010000000000000000000000
